$VAR1 = {
          '65' => [
                    30,
                    5,
                    5,
                    5,
                    30
                  ],
          '126' => [
                     4,
                     8,
                     4,
                     2,
                     4
                   ],
          '60' => [
                    0,
                    17,
                    10,
                    4,
                    0
                  ],
          '78' => [
                    31,
                    8,
                    4,
                    2,
                    31
                  ],
          '41' => [
                    0,
                    14,
                    17,
                    0,
                    0
                  ],
          '47' => [
                    1,
                    2,
                    4,
                    8,
                    16
                  ],
          '64' => [
                    2,
                    21,
                    21,
                    17,
                    14
                  ],
          '119' => [
                     15,
                     16,
                     8,
                     16,
                     15
                   ],
          '63' => [
                    2,
                    5,
                    17,
                    1,
                    2
                  ],
          '104' => [
                     31,
                     4,
                     4,
                     4,
                     31
                   ],
          '66' => [
                    10,
                    21,
                    21,
                    21,
                    31
                  ],
          '124' => [
                     0,
                     0,
                     31,
                     0,
                     0
                   ],
          '39' => [
                    0,
                    0,
                    3,
                    0,
                    0
                  ],
          '49' => [
                    0,
                    16,
                    31,
                    18,
                    0
                  ],
          '123' => [
                     0,
                     17,
                     31,
                     4,
                     0
                   ],
          '121' => [
                     1,
                     2,
                     28,
                     2,
                     1
                   ],
          '53' => [
                    9,
                    21,
                    21,
                    21,
                    23
                  ],
          '82' => [
                    18,
                    13,
                    5,
                    5,
                    31
                  ],
          '95' => [
                    16,
                    16,
                    16,
                    16,
                    16
                  ],
          '36' => [
                    9,
                    21,
                    31,
                    21,
                    18
                  ],
          '122' => [
                     17,
                     19,
                     21,
                     25,
                     17
                   ],
          '112' => [
                     2,
                     5,
                     5,
                     5,
                     31
                   ],
          '57' => [
                    14,
                    21,
                    21,
                    21,
                    2
                  ],
          '32' => [
                    0,
                    0,
                    0,
                    0,
                    0
                  ],
          '100' => [
                     14,
                     17,
                     17,
                     17,
                     31
                   ],
          '83' => [
                    8,
                    21,
                    21,
                    21,
                    18
                  ],
          '68' => [
                    14,
                    17,
                    17,
                    17,
                    31
                  ],
          '44' => [
                    0,
                    0,
                    24,
                    16,
                    0
                  ],
          '72' => [
                    31,
                    4,
                    4,
                    4,
                    31
                  ],
          '117' => [
                     15,
                     16,
                     16,
                     16,
                     15
                   ],
          '89' => [
                    1,
                    2,
                    28,
                    2,
                    1
                  ],
          '93' => [
                    0,
                    31,
                    17,
                    17,
                    0
                  ],
          '76' => [
                    16,
                    16,
                    16,
                    16,
                    31
                  ],
          '61' => [
                    10,
                    10,
                    10,
                    10,
                    10
                  ],
          '70' => [
                    1,
                    5,
                    5,
                    5,
                    31
                  ],
          '113' => [
                     30,
                     25,
                     17,
                     17,
                     14
                   ],
          '102' => [
                     1,
                     5,
                     5,
                     5,
                     31
                   ],
          '97' => [
                    30,
                    5,
                    5,
                    5,
                    30
                  ],
          '67' => [
                    17,
                    17,
                    17,
                    17,
                    14
                  ],
          '87' => [
                    15,
                    16,
                    8,
                    16,
                    15
                  ],
          '111' => [
                     14,
                     17,
                     17,
                     17,
                     14
                   ],
          '80' => [
                    2,
                    5,
                    5,
                    5,
                    31
                  ],
          '84' => [
                    1,
                    1,
                    31,
                    1,
                    1
                  ],
          '110' => [
                     31,
                     8,
                     4,
                     2,
                     31
                   ],
          '101' => [
                     17,
                     21,
                     21,
                     21,
                     31
                   ],
          '108' => [
                     16,
                     16,
                     16,
                     16,
                     31
                   ],
          '45' => [
                    4,
                    4,
                    4,
                    4,
                    4
                  ],
          '74' => [
                    15,
                    17,
                    16,
                    16,
                    8
                  ],
          '52' => [
                    8,
                    31,
                    10,
                    12,
                    8
                  ],
          '73' => [
                    0,
                    17,
                    31,
                    17,
                    0
                  ],
          '48' => [
                    14,
                    25,
                    21,
                    19,
                    14
                  ],
          '33' => [
                    0,
                    0,
                    23,
                    0,
                    0
                  ],
          '88' => [
                    17,
                    10,
                    4,
                    10,
                    17
                  ],
          '50' => [
                    18,
                    21,
                    25,
                    17,
                    18
                  ],
          '114' => [
                     18,
                     13,
                     5,
                     5,
                     31
                   ],
          '90' => [
                    17,
                    19,
                    21,
                    25,
                    17
                  ],
          '62' => [
                    0,
                    4,
                    10,
                    17,
                    0
                  ],
          '43' => [
                    4,
                    4,
                    31,
                    4,
                    4
                  ],
          '91' => [
                    0,
                    17,
                    17,
                    31,
                    0
                  ],
          '38' => [
                    24,
                    26,
                    21,
                    22,
                    8
                  ],
          '34' => [
                    0,
                    3,
                    0,
                    3,
                    0
                  ],
          '116' => [
                     1,
                     1,
                     31,
                     1,
                     1
                   ],
          '85' => [
                    15,
                    16,
                    16,
                    16,
                    15
                  ],
          '79' => [
                    14,
                    17,
                    17,
                    17,
                    14
                  ],
          '96' => [
                    0,
                    0,
                    2,
                    1,
                    0
                  ],
          '94' => [
                    4,
                    2,
                    1,
                    2,
                    4
                  ],
          '59' => [
                    0,
                    0,
                    27,
                    19,
                    0
                  ],
          '69' => [
                    17,
                    21,
                    21,
                    21,
                    31
                  ],
          '56' => [
                    10,
                    21,
                    21,
                    21,
                    10
                  ],
          '118' => [
                     7,
                     8,
                     16,
                     8,
                     7
                   ],
          '81' => [
                    30,
                    25,
                    17,
                    17,
                    14
                  ],
          '77' => [
                    31,
                    2,
                    4,
                    2,
                    31
                  ],
          '51' => [
                    10,
                    21,
                    21,
                    17,
                    17
                  ],
          '35' => [
                    10,
                    31,
                    10,
                    31,
                    10
                  ],
          '103' => [
                     29,
                     21,
                     17,
                     17,
                     14
                   ],
          '106' => [
                     15,
                     17,
                     16,
                     16,
                     8
                   ],
          '75' => [
                    17,
                    10,
                    4,
                    4,
                    31
                  ],
          '115' => [
                     8,
                     21,
                     21,
                     21,
                     18
                   ],
          '92' => [
                    16,
                    8,
                    4,
                    2,
                    1
                  ],
          '40' => [
                    0,
                    0,
                    17,
                    14,
                    0
                  ],
          '46' => [
                    0,
                    0,
                    24,
                    24,
                    0
                  ],
          '71' => [
                    29,
                    21,
                    17,
                    17,
                    14
                  ],
          '127' => [
                     28,
                     18,
                     17,
                     18,
                     28
                   ],
          '107' => [
                     17,
                     10,
                     4,
                     4,
                     31
                   ],
          '120' => [
                     17,
                     10,
                     4,
                     10,
                     17
                   ],
          '54' => [
                    8,
                    21,
                    21,
                    21,
                    14
                  ],
          '105' => [
                     0,
                     17,
                     31,
                     17,
                     0
                   ],
          '98' => [
                    10,
                    21,
                    21,
                    21,
                    31
                  ],
          '125' => [
                     0,
                     4,
                     31,
                     17,
                     0
                   ],
          '42' => [
                    21,
                    14,
                    4,
                    14,
                    21
                  ],
          '86' => [
                    7,
                    8,
                    16,
                    8,
                    7
                  ],
          '58' => [
                    0,
                    0,
                    27,
                    27,
                    0
                  ],
          '109' => [
                     31,
                     2,
                     4,
                     2,
                     31
                   ],
          '55' => [
                    3,
                    5,
                    9,
                    17,
                    1
                  ],
          '99' => [
                    17,
                    17,
                    17,
                    17,
                    14
                  ],
          '37' => [
                    25,
                    26,
                    4,
                    11,
                    19
                  ]
        };
